Semillas generadas (válidas): [7603, 6961, 9289, 8185, 9557, 9514, 6489, 7164, 9017, 4326]

+-----------+----------------------+
| Semilla   | Iteraciones a 6174   |
+-----------+----------------------+
|     7603 |                    6 |
|     6961 |                    6 |
|     9289 |                    3 |
|     8185 |                    6 |
|     9557 |                    2 |
|     9514 |                    3 |
|     6489 |                    7 |
|     7164 |                    1 |
|     9017 |                    7 |
|     4326 |                    7 |
+-----------+----------------------+